Call:corr.test(x = dataunion[, c("NOS", covariate.list)])
Correlation matrix 
         NOS nNoun nVerb  nAdj  nAdv  Conc  SemD SubCD MemCD logWF  nLet nSyll nPhon pld20 old20 phonUP posUni
NOS     1.00  0.47  0.77  0.28  0.18  0.05  0.31  0.47  0.47  0.46 -0.32 -0.35 -0.32 -0.37 -0.38  -0.10  -0.03
nNoun   0.47  1.00  0.12 -0.23 -0.11  0.33 -0.05  0.19  0.12  0.22 -0.19 -0.19 -0.18 -0.21 -0.21  -0.02  -0.05
nVerb   0.77  0.12  1.00 -0.06 -0.08  0.03  0.23  0.30  0.28  0.29 -0.25 -0.32 -0.27 -0.32 -0.33  -0.07   0.03
nAdj    0.28 -0.23 -0.06  1.00  0.16 -0.24  0.21  0.15  0.19  0.09  0.00  0.02  0.03 -0.01 -0.01   0.00  -0.02
nAdv    0.18 -0.11 -0.08  0.16  1.00 -0.15  0.22  0.23  0.31  0.23 -0.06 -0.03 -0.07 -0.03 -0.03  -0.08  -0.06
Conc    0.05  0.33  0.03 -0.24 -0.15  1.00 -0.47 -0.07 -0.24 -0.01 -0.28 -0.31 -0.30 -0.24 -0.23  -0.17   0.02
SemD    0.31 -0.05  0.23  0.21  0.22 -0.47  1.00  0.45  0.59  0.44  0.01 -0.01  0.01 -0.06 -0.07   0.13  -0.03
SubCD   0.47  0.19  0.30  0.15  0.23 -0.07  0.45  1.00  0.85  0.84 -0.31 -0.29 -0.32 -0.33 -0.33  -0.02  -0.07
MemCD   0.47  0.12  0.28  0.19  0.31 -0.24  0.59  0.85  1.00  0.79 -0.27 -0.23 -0.26 -0.28 -0.29  -0.03  -0.11
logWF   0.46  0.22  0.29  0.09  0.23 -0.01  0.44  0.84  0.79  1.00 -0.42 -0.41 -0.42 -0.41 -0.40  -0.09  -0.09
nLet   -0.32 -0.19 -0.25  0.00 -0.06 -0.28  0.01 -0.31 -0.27 -0.42  1.00  0.82  0.92  0.83  0.87   0.57   0.11
nSyll  -0.35 -0.19 -0.32  0.02 -0.03 -0.31 -0.01 -0.29 -0.23 -0.41  0.82  1.00  0.87  0.80  0.75   0.51   0.04
nPhon  -0.32 -0.18 -0.27  0.03 -0.07 -0.30  0.01 -0.32 -0.26 -0.42  0.92  0.87  1.00  0.85  0.81   0.64   0.04
pld20  -0.37 -0.21 -0.32 -0.01 -0.03 -0.24 -0.06 -0.33 -0.28 -0.41  0.83  0.80  0.85  1.00  0.90   0.45  -0.06
old20  -0.38 -0.21 -0.33 -0.01 -0.03 -0.23 -0.07 -0.33 -0.29 -0.40  0.87  0.75  0.81  0.90  1.00   0.41  -0.08
phonUP -0.10 -0.02 -0.07  0.00 -0.08 -0.17  0.13 -0.02 -0.03 -0.09  0.57  0.51  0.64  0.45  0.41   1.00   0.05
posUni -0.03 -0.05  0.03 -0.02 -0.06  0.02 -0.03 -0.07 -0.11 -0.09  0.11  0.04  0.04 -0.06 -0.08   0.05   1.00
posBi   0.05 -0.05  0.11  0.00 -0.04 -0.07  0.06 -0.04 -0.04 -0.14  0.27  0.17  0.19  0.00 -0.04   0.14   0.71
       posBi
NOS     0.05
nNoun  -0.05
nVerb   0.11
nAdj    0.00
nAdv   -0.04
Conc   -0.07
SemD    0.06
SubCD  -0.04
MemCD  -0.04
logWF  -0.14
nLet    0.27
nSyll   0.17
nPhon   0.19
pld20   0.00
old20  -0.04
phonUP  0.14
posUni  0.71
posBi   1.00
Sample Size 
[1] 8470
Probability values (Entries above the diagonal are adjusted for multiple tests.) 
        NOS nNoun nVerb nAdj nAdv Conc SemD SubCD MemCD logWF nLet nSyll nPhon pld20 old20 phonUP posUni posBi
NOS    0.00  0.00     0 0.00    0 0.00 0.00  0.00  0.00     0    0  0.00  0.00  0.00  0.00   0.00   0.20  0.00
nNoun  0.00  0.00     0 0.00    0 0.00 0.00  0.00  0.00     0    0  0.00  0.00  0.00  0.00   1.00   0.00  0.00
nVerb  0.00  0.00     0 0.00    0 0.04 0.00  0.00  0.00     0    0  0.00  0.00  0.00  0.00   0.00   0.03  0.00
nAdj   0.00  0.00     0 0.00    0 0.00 0.00  0.00  0.00     0    1  0.84  0.25  1.00  1.00   1.00   1.00  1.00
nAdv   0.00  0.00     0 0.00    0 0.00 0.00  0.00  0.00     0    0  0.03  0.00  0.05  0.03   0.00   0.00  0.00
Conc   0.00  0.00     0 0.00    0 0.00 0.00  0.00  0.00     1    0  0.00  0.00  0.00  0.00   0.00   1.00  0.00
SemD   0.00  0.00     0 0.00    0 0.00 0.00  0.00  0.00     0    1  1.00  1.00  0.00  0.00   0.00   0.05  0.00
SubCD  0.00  0.00     0 0.00    0 0.00 0.00  0.00  0.00     0    0  0.00  0.00  0.00  0.00   0.79   0.00  0.01
MemCD  0.00  0.00     0 0.00    0 0.00 0.00  0.00  0.00     0    0  0.00  0.00  0.00  0.00   0.12   0.00  0.01
logWF  0.00  0.00     0 0.00    0 0.21 0.00  0.00  0.00     0    0  0.00  0.00  0.00  0.00   0.00   0.00  0.00
nLet   0.00  0.00     0 0.81    0 0.00 0.17  0.00  0.00     0    0  0.00  0.00  0.00  0.00   0.00   0.00  0.00
nSyll  0.00  0.00     0 0.06    0 0.00 0.30  0.00  0.00     0    0  0.00  0.00  0.00  0.00   0.00   0.01  0.00
nPhon  0.00  0.00     0 0.02    0 0.00 0.20  0.00  0.00     0    0  0.00  0.00  0.00  0.00   0.00   0.01  0.00
pld20  0.00  0.00     0 0.46    0 0.00 0.00  0.00  0.00     0    0  0.00  0.00  0.00  0.00   0.00   0.00  1.00
old20  0.00  0.00     0 0.38    0 0.00 0.00  0.00  0.00     0    0  0.00  0.00  0.00  0.00   0.00   0.00  0.01
phonUP 0.00  0.09     0 0.83    0 0.00 0.00  0.05  0.01     0    0  0.00  0.00  0.00  0.00   0.00   0.00  0.00
posUni 0.01  0.00     0 0.15    0 0.08 0.00  0.00  0.00     0    0  0.00  0.00  0.00  0.00   0.00   0.00  0.00
posBi  0.00  0.00     0 1.00    0 0.00 0.00  0.00  0.00     0    0  0.00  0.00  0.87  0.00   0.00   0.00  0.00

 To see confidence intervals of the correlations, print with the short=FALSE option
